1
2
3
4
5
6
7
8
9
70
71
72
73
74
75
76
77
78
79
100
101
102
103
104
105
106
107
108
109
170
171
172
173
174
175
176
177
178
179
200
201
202
203
204
205
206
207
208
209
270
271
272
273
274
275
276
277
278
279
300
301
302
303
304
305
306
307
308
309
370
371
372
373
374
375
376
377
378
379
400
401
402
403
404
405
406
407
408
409
470
471
472
473
474
475
476
477
478
479
500
501
502
503
504
505
506
507
508
509
570
571
572
573
574
575
576
577
578
579
600
601
602
603
604
605
606
607
608
609
670
671
672
673
674
675
676
677
678
679
700
701
702
703
704
705
706
707
708
709
770
771
772
773
774
775
776
777
778
779
800
801
802
803
804
805
806
807
808
809
870
871
872
873
874
875
876
877
878
879
900
901
902
903
904
905
906
907
908
909
970
971
972
973
974
975
976
977
978
979
1000
1001
1002
1003
1004
1005
1006
1007
1008
1009
1070
1071
1072
1073
1074
1075
1076
1077
1078
1079
1100
1101
1102
1103
1104
1105
1106
1107
1108
1109
1170
1171
1172
1173
1174
1175
1176
1177
1178
1179
1200
1201
1202
1203
1204
1205
1206
1207
1208
1209
1270
1271
1272
1273
1274
1275
1276
1277
1278
1279
1300
1301
1302
1303
1304
1305
1306
1307
1308
1309
1370
1371
1372
1373
1374
1375
1376
1377
1378
1379
1400
1401
1402
1403
1404
1405
1406
1407
1408
1409
1470
1471
1472
1473
1474
1475
1476
1477
1478
1479
1500
1501
1502
1503
1504
1505
1506
1507
1508
1509
1570
1571
1572
1573
1574
1575
1576
1577
1578
1579
1600
1601
1602
1603
1604
1605
1606
1607
1608
1609
1670
1671
1672
1673
1674
1675
1676
1677
1678
1679
1700
1701
1702
1703
1704
1705
1706
1707
1708
1709
1770
1771
1772
1773
1774
1775
1776
1777
1778
1779
1800
1801
1802
1803
1804
1805
1806
1807
1808
1809
1870
1871
1872
1873
1874
1875
1876
1877
1878
1879
1900
1901
1902
1903
1904
1905
1906
1907
1908
1909
1970
1971
1972
1973
1974
1975
1976
1977
1978
1979
2000
2001
2002
2003
2004
2005
2006
2007
2008
2009
2070
2071
2072
2073
2074
2075
2076
2077
2078
2079
2100
2101
2102
2103
2104
2105
2106
2107
2108
2109
2170
2171
2172
2173
2174
2175
2176
2177
2178
2179
2200
2201
2202
2203
2204
2205
2206
2207
2208
2209
2270
2271
2272
2273
2274
2275
2276
2277
2278
2279
2300
2301
2302
2303
2304
2305
2306
2307
2308
2309
2370
2371
2372
2373
2374
2375
2376
2377
2378
2379
2400
2401
2402
2403
2404
2405
2406
2407
2408
2409
2470
2471
2472
2473
2474
2475
2476
2477
2478
2479
2500
2501
2502
2503
2504
2505
2506
2507
2508
2509
2570
2571
2572
2573
2574
2575
2576
2577
2578
2579
2600
2601
2602
2603
2604
2605
2606
2607
2608
2609
2670
2671
2672
2673
2674
2675
2676
2677
2678
2679
2700
2701
2702
2703
2704
2705
2706
2707
2708
2709
2770
2771
2772
2773
2774
2775
2776
2777
2778
2779
2800
2801
2802
2803
2804
2805
2806
2807
2808
2809
2870
2871
2872
2873
2874
2875
2876
2877
2878
2879
2900
2901
2902
2903
2904
2905
2906
2907
2908
2909
2970
2971
2972
2973
2974
2975
2976
2977
2978
2979
3000
3001
3002
3003
3004
3005
3006
3007
3008
3009
3070
3071
3072
3073
3074
3075
3076
3077
3078
3079
3100
3101
3102
3103
3104
3105
3106
3107
3108
3109
3170
3171
3172
3173
3174
3175
3176
3177
3178
3179
3200
3201
3202
3203
3204
3205
3206
3207
3208
3209
3270
3271
3272
3273
3274
3275
3276
3277
3278
3279
3300
3301
3302
3303
3304
3305
3306
3307
3308
3309
3370
3371
3372
3373
3374
3375
3376
3377
3378
3379
3400
3401
3402
3403
3404
3405
3406
3407
3408
3409
3470
3471
3472
3473
3474
3475
3476
3477
3478
3479
3500
3501
3502
3503
3504
3505
3506
3507
3508
3509
3570
3571
3572
3573
3574
3575
3576
3577
3578
3579
3600
3601
3602
3603
3604
3605
3606
3607
3608
3609
3670
3671
3672
3673
3674
3675
3676
3677
3678
3679
3700
3701
3702
3703
3704
3705
3706
3707
3708
3709
3770
3771
3772
3773
3774
3775
3776
3777
3778
3779
3800
3801
3802
3803
3804
3805
3806
3807
3808
3809
3870
3871
3872
3873
3874
3875
3876
3877
3878
3879
3900
3901
3902
3903
3904
3905
3906
3907
3908
3909
3970
3971
3972
3973
3974
3975
3976
3977
3978
3979
4000
4001
4002
4003
4004
4005
4006
4007
4008
4009
4070
4071
4072
4073
4074
4075
4076
4077
4078
4079
4100
4101
4102
4103
4104
4105
4106
4107
4108
4109
4170
4171
4172
4173
4174
4175
4176
4177
4178
4179
4200
4201
4202
4203
4204
4205
4206
4207
4208
4209
4270
4271
4272
4273
4274
4275
4276
4277
4278
4279
4300
4301
4302
4303
4304
4305
4306
4307
4308
4309
4370
4371
4372
4373
4374
4375
4376
4377
4378
4379
4400
4401
4402
4403
4404
4405
4406
4407
4408
4409
4470
4471
4472
4473
4474
4475
4476
4477
4478
4479
4500
4501
4502
4503
4504
4505
4506
4507
4508
4509
4570
4571
4572
4573
4574
4575
4576
4577
4578
4579
4600
4601
4602
4603
4604
4605
4606
4607
4608
4609
4670
4671
4672
4673
4674
4675
4676
4677
4678
4679
4700
4701
4702
4703
4704
4705
4706
4707
4708
4709
4770
4771
4772
4773
4774
4775
4776
4777
4778
4779
4800
4801
4802
4803
4804
4805
4806
4807
4808
4809
4870
4871
4872
4873
4874
4875
4876
4877
4878
4879
4900
4901
4902
4903
4904
4905
4906
4907
4908
4909
4970
4971
4972
4973
4974
4975
4976
4977
4978
4979
5000